weightsA : 
   2.61201    2.77752  -0.959683    2.56073   -1.51746   -1.56086   -1.64594   -1.48463
   1.01841   0.685883    2.07975    1.89138    1.83462    1.83241    1.83534     2.0599
 -0.821709  -0.961721  -0.691562   -2.49744   0.755984    1.14468   0.915606    1.63493
  -1.98658   -3.76559   0.601861   0.281884   0.715578   0.624408   0.522279   0.777312
   3.21718    2.79631    2.09803    0.53999   -1.60521   -1.92247   -1.82043   -2.23794
 -0.380819  -0.512972  0.0665165 -0.0186068  -0.115956   0.108946 -0.0399251    0.28938
   5.31018    4.46033   -1.09244   -2.05279   -1.89861   -1.88873   -1.99917   -1.58255
  -1.49118   -1.18795     1.1679    1.51738  0.0573524  -0.550098  -0.810037  -0.001455

biasA : 
     0.2
0.333333
     0.2
       1
    0.25
     0.5
       1
0.333333

Ain : 
  1.24327
  4.05933
 -1.54146
  1.99746
-0.815221
 0.365437
 -2.95139
  1.90806

Aout : 
 0.776133
 0.983032
 0.176323
  0.88053
 0.306779
 0.590356
0.0496708
 0.870801

weightsB : 
 -4.43782   4.94613  0.144556   3.96264  -4.90932   0.12396   -8.5629   2.21033
  4.03488  -0.18271  -3.52395   -1.6387   5.13478 0.0416079   1.50551   2.34738

biasB : 
     0.2
0.333333

Bin : 
5.19911
4.93974

Bout : 
0.994509
0.992894

