weightsA : 
   1.80179    2.01899    1.88838    1.99875    -3.9057   -1.80465   -1.87315    -2.1279
 -0.196959 -0.0300831  -0.999692  -0.723621   -1.24417  -0.433323 -0.0413366 0.00196512
  -1.97712   -1.92077   -2.04932   -3.15301   0.280017    2.43434     3.4888    3.21117
  -2.28972   -1.51772   -1.81125 -0.0248169    1.59863   0.231971   0.420838   0.248853
  0.564476    1.03434   0.943398   0.933148   -3.12753  -0.547809  -0.809043  -0.197098
  0.459009   0.129353   0.300809     1.4403   0.420752  -0.163962  -0.351315  -0.315508
  -2.19212   -2.37827   -2.37037   -3.47046    1.59897    2.97674    2.91353    3.18955
   1.29598    1.37067   0.810142    2.09451   0.247456   -2.90146   -1.47714   -1.81936

biasA : 
     0.2
    0.25
0.333333
       1
0.333333
       1
     0.5
     0.2

Ain : 
  4.08713
 -1.47331
   -4.869
-0.836069
  2.20988
  2.74111
 -5.34082
  3.10465

Aout : 
   0.98349
   0.18644
0.00762247
  0.302363
  0.901133
  0.939409
0.00476907
  0.957084

weightsB : 
 -6.41075 -0.116365   4.11152   4.68083  -3.51854   1.06427   6.41269  -1.18444
  2.93617  -1.37745  -7.69566 -0.258522 -0.355373   1.84616  -7.15329   4.93551

biasB : 
 0.2
0.25

Bin : 
-7.95387
  8.8477

Bout : 
0.000351175
   0.999856

